##PG1,full##
x_opt: [  2.40473366   1.96248876  68.85391573  36.75805093  33.93179055]
fx_opt: [-0.42711865]
