##PG5,full##
x_opt: [  2.11059217   2.0747159    3.50937375  95.73032088  24.7250598 ]
fx_opt: [-0.46323961]
