##PC1,full##
x_opt: [ -1.91856459   2.0108817   96.97935838  16.8107606 ]
fx_opt: [-0.20389066]
