##PC2,full##
x_opt: [  0.35057933  20.34087811   5.96339621  24.63891349]
fx_opt: [-0.31499438]
